/usr/bin/python2.7 /home/jdwang/PycharmProjects/sentimentAnalysis/kmeans_knn/kmeans_knn.py
谢意 6.2 6.0 5.04487154573 5.39666141854
欢笑 7.4 6.8 7.03797966445 6.8342774511
低能 2.6 4.6 3.53031088524 5.95761966665
聪明 7.0 4.8 5.30655623953 5.25869850296
傻子 3.6 4.2 3.3760125261 5.46337449975
丢脸 3.0 5.8 2.73197090166 6.33267044519
悲苦 2.4 5.0 2.92996523899 7.2336631801
无趣 3.4 5.2 3.46947802846 3.74286850731
怕羞 4.2 5.4 5.10823292746 5.18966845903
保卫 5.8 6.4 4.55121173414 7.18174592524
僵局 3.8 4.2 3.21789630351 6.10160412495
贪婪 2.8 6.6 2.58635899381 6.29929682022
迟疑 3.6 4.8 3.16246490944 6.85277728362
款待 6.2 5.4 6.88874553842 5.7340689239
克制 5.0 5.0 4.57697329761 3.90628397106
高傲 3.2 6.0 3.43072507455 5.25477403941
坏死 2.8 5.0 3.27270927998 6.79158956493
乐天 6.8 4.6 7.06992313222 6.26606172282
胁迫 2.6 7.2 2.49930374922 7.36770441713
排斥 3.2 6.0 3.36621103599 5.50143370377
镇压 3.0 7.0 2.83145337019 7.27593228848
怒不 3.8 5.8 4.2 6.66666666667
利己 5.6 4.8 3.1969160091 5.03497733568
哭闹 2.8 7.4 2.69232582617 7.63243074401
贪欲 3.6 5.6 3.23625889829 5.08787313666
堕落 2.4 6.2 2.25720280897 7.46862305748
有钱 6.4 5.4 5.39685749198 5.49879177987
奇怪 4.2 5.2 3.47076581755 5.41071204746
妨碍 3.2 5.8 3.09121364715 5.90735874685
遭受 3.6 5.8 2.63523485963 7.03212727024
抱怨 2.8 6.6 3.00058639345 6.76556679532
贪污 1.8 7.6 2.1904101647 7.68181528652
优雅 6.8 5.0 6.70047394937 6.03265150175
创伤 2.8 6.2 3.20069862345 6.39658118473
贫困 3.2 4.4 2.93917785533 4.23835287046
头昏 3.2 4.6 3.00939281812 5.70757793623
忌妒 3.0 6.8 5.08722687035 6.53110451125
倒霉 3.2 5.4 3.39041719231 4.51652217059
孤 3.4 4.6 3.1697733288 5.29963476937
知识 6.6 3.4 6.62528057694 4.97145556946
阴暗 3.6 3.8 3.49835668376 5.23599301888
服从 5.4 3.8 4.48674430524 6.42766226993
万念俱灰 1.4 7.4 2.12827000598 8.14183435919
孝顺 7.4 5.4 6.94948215361 4.97786007407
嫉 3.0 6.2 3.16750606437 5.89781846265
闲话 4.0 4.4 3.33398841727 4.84028238492
祸 3.2 6.0 2.89889911222 5.7248480833
奖杯 7.4 5.4 7.55720082207 6.36608476198
操 2.0 8.0 5.42453098923 6.59768800698
打断 4.0 4.6 2.64366818574 7.2411055564
情绪 4.6 5.4 3.0076114929 6.53750552004
无味 4.4 3.2 4.7605465742 4.40498976738
害怕 3.2 5.6 3.13023560742 6.85768065002
哀恸 1.8 7.6 2.92654306952 6.59992270655
精疲力尽 3.0 5.2 2.70804217119 5.68529321486
真诚 7.0 5.0 7.1347465374 5.17720597983
敌视 3.0 6.6 2.68452563267 6.63321062803
满足 7.4 4.6 6.50879568947 5.06048797959
驳斥 2.8 7.2 3.13201380226 6.70993922713
哀求 2.8 5.6 2.54377401809 7.36672572393
酸 4.6 4.8 3.70965373711 4.76888757753
美梦 6.8 5.8 5.31975030456 5.03637802813
整洁 6.8 4.2 6.00717572981 3.58988384778
仁爱 7.8 5.2 7.13859562863 4.85540117577
违纪 2.6 5.6 2.59969824464 6.79852556272
忧心 3.6 6.0 3.10456745614 6.12173719585
扶持 6.0 4.2 6.58946820185 6.26664605293
珍爱 7.2 6.0 7.20240354476 5.71402498
折磨 2.4 7.0 2.13077488212 7.66339631102
极好 7.8 7.8 6.52445589535 5.7785679268
毁败 2.8 6.4 3.1583284636 5.96571298589
抗议 3.2 7.8 2.8858901296 7.27985609148
讥 3.2 6.0 3.22535107653 5.97003771626
烦愁 2.8 6.8 4.2 6.66666666667
魅力 7.2 5.6 6.61382419112 5.72324203494
生命力 6.8 5.8 6.53165380897 5.76434472455
拼命 5.2 7.6 3.52105543452 6.01598522578
击败 6.0 6.8 6.95035989771 6.66778275802
风险 3.8 6.4 4.58780399822 5.72176297638
胆量 5.4 4.6 6.67596239958 5.7816963275
稳健 7.0 5.2 4.66296865367 5.01874569095
丧失 2.6 5.8 3.14945395851 5.66310027149
压迫 2.8 7.2 2.49390226104 7.20111014358
骚动 4.0 6.6 3.1795798877 6.83204455463
美好 6.8 5.6 6.96417309937 5.69615889443
情人 6.8 6.6 7.15137768031 5.41976099929
大胆 5.4 6.2 4.58116972981 5.66039692283
蠢 3.0 5.2 3.69152748492 4.50183276423
腻 3.6 4.0 3.49485426099 5.26310225889
徒劳无功 3.4 4.4 3.13159269786 6.82813337209
关心 6.4 6.0 6.87106025866 5.84287117783
古怪 4.2 4.8 3.53682984392 4.16853770451
完善 6.8 4.6 6.41924195983 4.71850622336
患病 2.8 4.8 2.79127004581 4.78498831376
无知 3.6 4.4 3.03446320144 5.55796833879
弱点 3.8 4.8 3.31025035418 5.31230559853
百感交集 3.4 7.2 3.09497700262 6.80392278118
损失 3.2 5.2 2.58090736826 7.01997635872
郁 3.0 4.8 3.33226425203 5.6338620068
歪曲 3.6 4.0 3.52841515074 5.71947336861
慷慨 6.8 5.8 7.18555929253 5.34912645561
错乱 3.0 6.2 2.90765411789 6.02372098874
灾 2.0 5.6 2.6632166203 6.47973480891
福气 7.0 4.4 7.23663836448 5.91406887398
无礼 2.8 7.0 2.60425398595 6.98847700993
祝贺 7.0 6.2 7.0085646618 6.43882418358
喝采 7.4 7.0 6.85807236668 6.45180971392
伤 3.4 5.2 3.17723156171 5.71141316309
不满 3.2 6.4 2.98455201292 6.63897351841
落空 3.4 5.8 2.74305632399 6.35229937923
逃离 4.0 6.2 2.24480638885 7.7996972434
毁伤 2.6 6.4 3.05299259243 6.70476221059
侵犯 2.4 6.2 2.81064101605 7.04500969144
惊愕 3.6 7.4 3.10279387633 6.88565377452
阴沉 3.2 3.4 3.53070878642 3.96076721553
愉 5.8 5.2 5.32675570135 5.26475571256
呸 2.4 7.4 2.17658854451 7.6578329438
想念 4.8 5.4 5.15920032023 5.91630100402
忧愁 2.8 5.4 3.1031035757 5.49048622279
人心惶惶 2.6 7.4 2.61093802367 7.83205015146
恶运 2.8 6.0 2.68260288997 6.78542291776
误解 3.4 5.6 2.90677957507 6.08030983578
凌乱 3.4 6.0 3.36054613095 4.66369327078
小心 4.6 6.0 3.56402007119 5.8648071923
惊叹 5.4 7.6 6.13155529027 7.35798374756
分红 6.2 4.4 6.89757663971 5.42885661835
难堪 3.0 6.4 3.16522844652 5.89905876761
渴望 5.6 5.8 5.95003273726 5.46921816974
怒吼 2.0 8.8 2.26347259623 7.43630694281
怪诞 3.4 5.8 2.94805874529 6.03418003808
狂怒 1.6 8.6 2.08125697462 8.18637025574
羞愤 2.2 7.8 2.52581053978 7.37686776494
偏见 3.4 5.6 2.94034004984 6.53635287734
同意 6.4 4.4 6.43615811137 4.96566497367
低落 3.8 3.0 3.35252644091 3.52905656201
死气 3.0 5.8 3.0710266986 6.87274836587
变动 4.8 6.0 4.86424295302 5.09834308652
阴森 3.2 3.6 2.90678085226 6.07064712234
庆功 7.0 7.2 7.1958796187 6.09539413269
挂念 4.8 5.2 3.06263829022 6.82878839829
弄痛 3.0 6.4 4.2 6.66666666667
顽固 3.2 6.4 3.46247998328 4.00903921751
拷问 2.8 7.0 2.16778304684 7.60135424281
整齐 6.6 4.2 6.05291551356 3.90935276737
肮脏 3.2 4.6 2.32826719689 7.07585814497
有用 6.4 5.2 5.36675304693 4.83917146093
美味 6.8 5.6 6.41254643471 5.59414011605
一无所有 2.4 4.4 2.76915290671 6.66688434537
谨慎 6.4 4.2 6.13335257949 5.23943425508
远离 4.4 3.8 4.79475006063 3.57068118789
不顺 3.6 4.6 3.09215411246 4.92982466117
书呆子 3.6 4.2 2.6963225836 6.40754263307
强硬 4.8 7.0 4.94034090628 4.9484094977
冷淡 3.0 3.6 3.46668365662 3.9485974897
庆贺 7.0 6.0 6.96605431842 5.62815640583
亲爱的 7.2 6.4 4.2 6.66666666667
庇护 6.2 5.6 4.32211655238 6.26661767879
惹恼 3.0 7.2 2.69730319663 7.60356863936
尊荣 7.6 5.2 7.1177919891 5.79553254734
爽快 7.4 6.8 3.23157562242 4.9708508142
致命 2.0 7.8 2.9845208976 6.4871095464
茫然 3.4 3.4 3.06206618373 6.83583587117
解决 6.2 4.8 5.34329969654 5.19371174658
惊呆 4.4 7.8 3.02635030952 7.01330235319
爽心 7.2 7.0 4.2 6.66666666667
恶臭 2.8 6.6 3.58839114389 5.253166212
受惠 7.0 5.4 6.6973675167 5.85705273198
优美 6.8 5.4 6.73526545844 6.03673729424
违约 2.8 5.6 2.99486141953 5.37309452901
至高无上 7.6 6.8 7.11684194296 5.88878100301
打情骂俏 4.6 6.6 2.44805209739 6.94709899683
嘲弄 2.6 6.2 2.63002248368 6.98971828878
诈骗 2.6 7.0 2.10456022885 7.43128861727
艰巨 3.2 7.2 3.09204611913 6.97301751683
冒险 4.8 7.6 4.60433441131 6.9178574325
品德 5.2 4.2 7.16200992865 4.89174969583
良 6.4 4.8 6.89921311434 4.52311076926
心碎 2.2 8.0 2.76311518274 6.42123576281
威胁 3.0 7.4 3.2159660717 6.42854233003
不符 3.8 4.0 3.50132433819 5.31162969186
插嘴 3.6 5.6 3.32850608431 4.68454992252
铤而走险 3.0 7.0 3.2896953919 5.29400328068
深思 5.2 2.6 4.57235694246 3.5658692273
闷 3.8 4.0 3.39827109998 4.69549377602
爱恋 7.6 6.8 5.35101014349 5.03047241486
生病 3.4 4.0 3.16726659568 3.92793782859
负债 3.2 6.0 4.82394953396 5.38268669863
罪大恶极 1.4 8.8 2.12891565498 7.56795177709
决心 6.4 6.6 6.13841134911 6.62691114108
绷紧 4.2 7.2 3.26221617773 4.61229198318
天资 5.8 4.4 6.06458904128 4.6225930584
咬牙切齿 2.2 8.2 2.52459358744 7.13130158348
仇人 2.2 7.2 2.52691679056 7.67935317017
强奸 1.4 8.4 2.06785978249 7.61906500275
惧怕 2.6 7.2 3.13616928798 6.76716507409
挚爱 7.8 6.2 4.88164059926 6.10226184135
艰困 3.2 6.6 3.07738819662 7.01948379287
享受 6.6 4.8 6.32341432572 3.8395568894
信义 7.0 5.4 7.06743950219 4.82990625151
痴狂 4.0 7.6 4.78345827184 6.08135790089
爱心 7.0 4.6 6.78139640846 5.4891645871
作弊 2.0 6.4 2.91629688001 6.32652009056
吓 3.6 6.8 3.28777747486 6.88777321202
放心 6.2 3.2 3.30864079046 4.68642013037
敏感 4.6 5.0 3.59544749501 4.5302642128
伪造 2.6 6.0 3.23040500694 5.50009829556
心酸 2.8 6.8 4.80220775707 6.20528617948
悲剧 2.2 6.4 2.43364095574 6.6079873566
引人注目 5.8 6.4 6.95514865692 6.10452231548
帮助 6.6 5.6 6.39895346828 4.92886090071
欢迎 7.2 6.4 7.28165310031 6.13031346825
艰难 3.2 7.2 3.07453985368 7.01720672131
欣欣 6.4 6.4 6.38159936209 5.41623776518
护 6.0 4.4 4.91818243957 4.67446447902
得意 5.8 5.4 5.35487976931 5.69694339019
忠孝 7.4 5.8 7.09427271662 5.05518561813
缠讼 3.6 5.6 2.80104240658 5.8245593731
忧虑 2.8 6.2 3.57155902284 5.02830960397
痛哭流涕 1.8 8.0 2.55927636541 7.41794689405
降级 3.6 5.8 3.29077707029 5.80579402608
喜爱 7.2 6.2 6.90769269613 6.12661305424
反对 3.4 6.2 3.08404073842 6.66378354424
赞叹 7.6 7.2 5.59894438222 6.63802259466
奉献 6.8 6.0 7.33607273295 5.34002384116
鲜明 6.4 5.4 6.423795351 5.23400462107
欢心 7.2 6.6 2.58053150459 6.95927935322
攻击 3.6 7.4 3.19307152861 6.41135633644
昏头 3.4 4.8 2.72036281128 6.45646656169
抑制 4.8 5.4 3.09252601522 6.10143024676
荣幸 6.8 5.4 5.17672189712 6.29846816314
淘气 5.6 5.6 5.20615299734 5.76796980395
热泪盈眶 5.0 7.6 2.43534343218 7.75331959724
德行 6.6 3.2 7.17398308809 4.85252486493
胡扯 3.0 7.6 3.21772336582 6.34895863666
慈悲 5.6 5.0 7.22089619399 4.77890777818
眼花撩乱 4.4 5.6 3.76703715615 5.69690924661
铭印 5.8 6.2 3.27548990118 6.24820982935
烦扰 3.4 6.0 3.19516899702 6.89706846772
花招 4.0 4.8 2.17795409976 7.65746130243
乐 6.6 5.6 6.53067591818 5.41649084577
仇 2.4 6.0 2.77710274466 6.757595147
舒服 6.6 3.6 2.99108060639 4.7088222617
悔悟 3.2 7.0 3.09742012125 6.83374519281
严格 3.8 6.8 4.88374919806 4.65001826015
擅长 6.2 5.0 6.74118406755 5.51164305727
说谎 2.6 5.4 3.48363922683 5.23685373188
思乡 3.8 5.8 3.04974702409 5.45889903647
毁掉 2.8 6.6 2.90435293592 6.5580237991
侵扰 3.0 6.8 2.94488882236 6.95619975337
平稳 5.8 3.4 4.66824711459 2.94585832169
窒碍 2.6 6.8 3.11274779191 5.6913470169
争论 3.8 6.6 3.11200697221 6.72843609386
乐善 6.4 4.4 6.76712871946 4.47644644307
奖励 7.0 5.2 7.04225186527 5.48362662714
紧绷 3.8 7.2 3.26365169639 5.19469154048
傻 3.6 4.0 3.59519303449 4.48491197939
喜极而泣 8.2 8.4 2.5792522165 7.16294163062
恶毒 2.0 7.4 2.63199976192 6.29905903155
腐败 2.4 5.6 2.34360232203 7.72105332262
优胜 7.6 6.8 7.57323296302 6.41777298862
热情 6.6 6.4 7.17162676833 5.96496506167
不适 3.6 4.6 3.23580862218 4.84166154992
谄媚 3.4 5.6 3.40038890063 5.79537642343
无精打采 3.6 3.4 3.4270375801 4.86835216909
不准 3.6 6.2 3.64472531131 4.81748780838
优 6.8 5.4 4.80427366998 4.99523865939
鄙 2.8 6.2 3.37292087262 5.1239271921
挣扎 3.2 7.4 3.08631828429 5.79459787124
哀伤 2.4 5.4 3.12937730056 5.89763626974
愤 2.6 7.6 3.19330992629 4.93141703818
恶斗 2.6 7.6 3.2036784992 6.83549071173
钦佩 7.2 5.8 5.36194562475 6.57510869224
刺激 4.2 8.0 5.22793125648 7.30628841828
神圣 7.2 5.0 4.76663523109 6.84267278197
贪念 3.6 5.0 2.46480546378 6.71009269609
和善 7.0 3.0 5.39097006181 4.05937691484
变味 3.4 5.2 3.57264119383 5.23502037231
赢取 6.4 6.0 7.40448477892 6.58057002965
输家 3.0 5.0 5.46080681176 5.81455470258
缓和 5.2 3.2 3.07200740337 5.63334241208
犹豫 4.2 4.8 3.16496266879 4.04220000792
性骚扰 2.6 6.6 2.30217183263 7.45290545691
快乐 7.2 6.4 7.36782065222 5.08248226903
帅气 7.0 6.0 6.83405497643 4.80395350823
困 3.8 4.4 3.40108709585 5.83234691415
哄骗 3.4 5.6 2.73125746391 7.41497590238
哽咽 3.0 6.4 2.96503415957 6.43401300537
疑惑 3.8 4.8 3.09129864261 6.20749252908
谴责 3.0 7.2 2.99011685865 7.01487723092
打破 4.0 6.2 5.44476773548 6.11358099529
咆啸 3.6 8.0 2.14235964394 8.16598488744
恶 2.4 6.0 2.8383100511 5.82736487231
懒惰 3.4 4.0 3.4933359979 4.01110121381
迷乱 3.2 6.2 2.50947669842 6.58821365496
打击 4.2 6.8 3.19115724736 6.38143875198
悲愁 2.8 4.6 2.93474571534 5.86645375613
贱民 2.2 7.6 2.82652678701 6.22587102039
安心 5.6 2.4 7.00371744515 5.8443015605
脾气 4.8 4.4 3.46974405054 5.2803788626
压抑 2.6 5.4 2.99984961087 5.57449104259
艰苦 3.0 6.6 3.06224224788 7.03693930395
悔过 2.8 6.2 2.55621514486 7.33844800235
喜庆 7.4 6.6 6.56284841931 6.27454641748
诡计 3.4 5.2 2.0684537104 7.84249829316
玩笑 5.6 6.0 2.66761172577 6.92625786755
昏沉 3.2 3.4 2.97453993363 5.59133931281
自信 7.0 5.6 6.99895140845 5.64318746898
泄气 3.6 3.6 2.93757634762 5.62374108608
瞧不起 3.2 6.2 2.97047467572 6.32402520896
分歧 3.2 5.6 3.75573154321 5.65901180889
清白 6.2 3.4 3.1564345952 5.28568008234
攻势 5.2 6.4 2.7406507616 7.32397396375
牵挂 4.4 5.0 2.79009811609 6.7285283585
好运 6.6 5.2 7.2657186701 6.73167073829
荣耀 7.6 7.0 6.56594416179 5.72199354197
精疲力竭 3.0 5.4 3.20404602384 5.55417462302
温馨 7.4 4.0 6.48809234772 4.3209097606
腐臭 3.0 4.4 3.31842900582 5.60143265911
冲击 3.2 7.2 2.65772435554 7.20055960331
受骗 3.0 6.4 3.30744298892 6.48454682393
悔改 4.0 6.0 2.88659550188 6.15208244668
欢声 7.2 6.2 5.10940239608 6.35416732309
八卦 3.4 4.6 6.60148287326 5.57043361636
批评 3.2 7.6 2.70660244893 7.03341012648
贪心 3.0 5.6 3.12996392198 5.57507727537
偷取 2.4 6.4 3.0674431392 6.67937981002
首要 5.2 5.0 6.60104289319 4.83273042772
混乱 3.0 6.4 2.94950210341 7.22879627647
痛 3.0 6.2 3.03297868723 4.54530505422
不贞 2.8 6.8 2.02965075079 7.80202826403
最好 6.8 6.2 7.29576913939 6.02716471868
0.717812909124
0.782563785025
(0.81508392360811743, 5.457470884935482e-80)
(0.59506309031735549, 4.3477842375854489e-33)

Process finished with exit code 0
