/usr/bin/python2.7 /home/jdwang/PycharmProjects/sentimentAnalysis/kmeans_knn/kmeans_knn.py
谢意 6.2 6.0 4.78282960722 5.57878731119
欢笑 7.4 6.8 5.09708659958 6.29902886653
低能 2.6 4.6 3.2 6.36677331123
聪明 7.0 4.8 6.89834142404 6.0
傻子 3.6 4.2 3.59176739412 4.53704672644
丢脸 3.0 5.8 3.40753838369 6.72073055514
悲苦 2.4 5.0 3.10213694763 5.59715073649
无趣 3.4 5.2 3.2018464789 4.28799788715
怕羞 4.2 5.4 5.26503610609 5.32845329641
保卫 5.8 6.4 4.63628719781 7.29175290959
僵局 3.8 4.2 3.1482669912 5.26435598827
贪婪 2.8 6.6 2.61183277915 6.16844592225
迟疑 3.6 4.8 3.00084606489 6.69788483778
款待 6.2 5.4 6.96479690068 5.70880077483
克制 5.0 5.0 4.49670539989 4.2051249335
高傲 3.2 6.0 4.79182322594 4.40102209676
坏死 2.8 5.0 3.10039908314 5.60053211085
乐天 6.8 4.6 7.01602739993 6.28013699967
胁迫 2.6 7.2 2.20205743679 7.59794256321
排斥 3.2 6.0 2.5945680686 6.60905321901
镇压 3.0 7.0 2.99315539657 7.20684460343
怒不 3.8 5.8 4.1 6.6
利己 5.6 4.8 3.49031139353 4.21291814196
哭闹 2.8 7.4 3.6 5.28323529923
贪欲 3.6 5.6 3.29823441062 5.00470823834
堕落 2.4 6.2 2.4799638908 6.83205777473
有钱 6.4 5.4 6.50054738524 5.8003649235
奇怪 4.2 5.2 3.50585830046 5.84727529588
妨碍 3.2 5.8 2.60254890275 6.7949021945
遭受 3.6 5.8 4.08485473146 6.33635895141
抱怨 2.8 6.6 3.09221977228 5.7140044099
贪污 1.8 7.6 2.02984015617 7.21693307305
优雅 6.8 5.0 6.701846727 4.92400745098
创伤 2.8 6.2 3.10554201778 6.39261064296
贫困 3.2 4.4 2.89542501647 4.40914996706
头昏 3.2 4.6 2.99383377841 6.36300267044
忌妒 3.0 6.8 4.34101427385 4.7217134391
倒霉 3.2 5.4 3.42149535742 4.66168214194
孤 3.4 4.6 3.10065178919 6.00130357838
知识 6.6 3.4 6.94383562709 4.45616437291
阴暗 3.6 3.8 4.59453782303 4.00873948315
服从 5.4 3.8 4.95977409749 6.30914225057
万念俱灰 1.4 7.4 2.60403471059 5.6576355388
孝顺 7.4 5.4 7.0 5.28635139704
嫉 3.0 6.2 3.09818678052 5.99637356103
闲话 4.0 4.4 5.92921254912 5.52921254912
祸 3.2 6.0 2.79275247626 6.31630692841
奖杯 7.4 5.4 7.68781941438 6.46345824313
操 2.0 8.0 4.2379129443 6.15478269621
打断 4.0 4.6 2.70424179487 7.38303282052
情绪 4.6 5.4 2.84108313712 6.13081235284
无味 4.4 3.2 4.7223352871 4.4776647129
害怕 3.2 5.6 3.2 6.99573963759
哀恸 1.8 7.6 3.14037930598 6.67665517802
精疲力尽 3.0 5.2 2.90193628048 6.99483658539
真诚 7.0 5.0 7.10281614175 5.18873543299
敌视 3.0 6.6 2.7750412555 6.43743811675
满足 7.4 4.6 5.36616028187 5.78872009396
驳斥 2.8 7.2 3.33759653615 6.76992277108
哀求 2.8 5.6 3.09789931903 6.60140045398
酸 4.6 4.8 4.49637973657 4.50051718049
美梦 6.8 5.8 5.32054347376 5.10108123546
整洁 6.8 4.2 6.50209234471 4.09651275882
仁爱 7.8 5.2 6.8 4.41812384222
违纪 2.6 5.6 2.09461732144 7.10897113093
忧心 3.6 6.0 3.10004110432 5.20032883455
扶持 6.0 4.2 6.7130173654 6.1043391218
珍爱 7.2 6.0 7.20610055412 5.51525138531
折磨 2.4 7.0 2.30059909767 7.09820270699
极好 7.8 7.8 6.77680034279 5.38840017139
毁败 2.8 6.4 3.0 5.99674239706
抗议 3.2 7.8 2.851594112 7.20971030401
讥 3.2 6.0 3.10353606734 6.00707213468
烦愁 2.8 6.8 4.1 6.6
魅力 7.2 5.6 6.6 5.00850800747
生命力 6.8 5.8 6.50350111056 5.71750555282
拼命 5.2 7.6 5.34155173146 7.33653016784
击败 6.0 6.8 6.77729001593 6.67350501858
风险 3.8 6.4 4.81642745031 5.91989822612
胆量 5.4 4.6 7.28015022419 6.48015022419
稳健 7.0 5.2 6.4135828399 5.06943861023
丧失 2.6 5.8 3.11729666009 6.48270333991
压迫 2.8 7.2 2.90963312773 6.69036687227
骚动 4.0 6.6 2.72709175556 7.45484707406
美好 6.8 5.6 7.0 5.63232343092
情人 6.8 6.6 7.0921362191 6.26068109551
大胆 5.4 6.2 2.39336807157 7.71657982108
蠢 3.0 5.2 4.80281735987 5.90100619995
腻 3.6 4.0 3.49739772882 4.29739772882
徒劳无功 3.4 4.4 2.99416411561 4.86206675146
关心 6.4 6.0 7.0 5.21917764493
古怪 4.2 4.8 3.50293154066 5.48534229671
完善 6.8 4.6 6.54406990636 4.71468996879
患病 2.8 4.8 3.00249041061 5.49875479469
无知 3.6 4.4 3.10560722417 5.26074943081
弱点 3.8 4.8 3.32109693905 5.25077380888
百感交集 3.4 7.2 4.09387078989 4.39509663191
损失 3.2 5.2 2.46468909358 6.95885151071
郁 3.0 4.8 7.09782118014 4.715251739
歪曲 3.6 4.0 3.49825883148 5.5087058426
慷慨 6.8 5.8 6.23235015378 5.59191246156
错乱 3.0 6.2 2.497951354 6.77951353995
灾 2.0 5.6 2.69681724753 6.50742642244
福气 7.0 4.4 5.53467000428 5.72007210774
无礼 2.8 7.0 3.49742892935 6.01028428261
祝贺 7.0 6.2 6.600824516 6.70068709667
喝采 7.4 7.0 6.4 6.38148519523
伤 3.4 5.2 3.11665340589 5.73338637644
不满 3.2 6.4 3.32882641494 5.38078239004
落空 3.4 5.8 2.8099907992 6.42997239761
逃离 4.0 6.2 3.32077667693 5.35844664614
毁伤 2.6 6.4 3.01947980417 7.37078029375
侵犯 2.4 6.2 2.75731506376 7.11067123406
惊愕 3.6 7.4 3.30084259422 6.99494443465
阴沉 3.2 3.4 5.91041809526 5.00231513228
愉 5.8 5.2 7.4 6.02879512653
呸 2.4 7.4 4.32331896017 6.8
想念 4.8 5.4 2.7988466954 6.40461321838
忧愁 2.8 5.4 3.20081855831 5.19836288339
人心惶惶 2.6 7.4 2.49954508042 6.79636064336
恶运 2.8 6.0 2.51114644258 6.67993640336
误解 3.4 5.6 3.29597416102 5.68792248307
凌乱 3.4 6.0 3.3051242602 4.61708086734
小心 4.6 6.0 4.10358908612 5.80143563445
惊叹 5.4 7.6 6.11171032187 7.42896764279
分红 6.2 4.4 5.84540858231 5.11702821836
难堪 3.0 6.4 3.10941059354 5.78386755392
渴望 5.6 5.8 5.48372106149 5.92930208931
怒吼 2.0 8.8 3.29382117244 6.703327061
怪诞 3.4 5.8 2.89132009601 6.01239986284
狂怒 1.6 8.6 1.99133085214 8.22600744359
羞愤 2.2 7.8 2.29357189114 7.80771373064
偏见 3.4 5.6 3.26027655185 5.63177875852
同意 6.4 4.4 6.37616483903 5.0
低落 3.8 3.0 3.29943949742 3.40037366839
死气 3.0 5.8 2.41993573682 7.35348328076
变动 4.8 6.0 3.38945969163 4.14743138767
阴森 3.2 3.6 2.58373534431 7.11219849177
庆功 7.0 7.2 5.56940846357 6.4877514476
挂念 4.8 5.2 5.47806780422 6.77361958456
弄痛 3.0 6.4 4.1 6.6
顽固 3.2 6.4 3.499472599 4.50474660901
拷问 2.8 7.0 2.31444469337 7.88555530663
整齐 6.6 4.2 5.01509839373 4.83802394184
肮脏 3.2 4.6 2.32015713874 7.05565429478
有用 6.4 5.2 5.19288844288 5.70039508651
美味 6.8 5.6 4.90070003467 5.8
一无所有 2.4 4.4 3.10212197626 5.89448286171
谨慎 6.4 4.2 5.71075197997 4.45734389319
远离 4.4 3.8 4.90855401539 3.09276198698
不顺 3.6 4.6 2.50185356777 6.69888785934
书呆子 3.6 4.2 2.3 6.9
强硬 4.8 7.0 2.70250965258 6.08945945914
冷淡 3.0 3.6 3.79494973906 4.37979895625
庆贺 7.0 6.0 4.57048532092 5.42819412837
亲爱的 7.2 6.4 4.1 6.6
庇护 6.2 5.6 4.39988705408 6.00007187468
惹恼 3.0 7.2 2.70146921769 7.59706156462
尊荣 7.6 5.2 7.002123476 5.80637042801
爽快 7.4 6.8 4.936192157 5.78621251162
致命 2.0 7.8 2.73693007316 7.27362137632
茫然 3.4 3.4 3.19569892979 6.01505374575
解决 6.2 4.8 5.32628995558 5.3061425037
惊呆 4.4 7.8 3.07444743802 6.75621563636
爽心 7.2 7.0 4.1 6.6
恶臭 2.8 6.6 3.70272887982 5.19454224035
受惠 7.0 5.4 4.9794521615 6.382387567
优美 6.8 5.4 6.8 6.09776337219
违约 2.8 5.6 3.98403904053 5.00319219189
至高无上 7.6 6.8 7.01104289921 5.83312869764
打情骂俏 4.6 6.6 3.30328699736 5.08794767635
嘲弄 2.6 6.2 2.6 7.01404281686
诈骗 2.6 7.0 2.11804062702 7.28195937298
艰巨 3.2 7.2 3.0 7.01443181316
冒险 4.8 7.6 4.42531033189 5.88011331066
品德 5.2 4.2 6.15541904161 4.6
良 6.4 4.8 6.90308047994 5.10924143982
心碎 2.2 8.0 4.79904567669 6.24389318405
威胁 3.0 7.4 3.10787851503 6.29212148497
不符 3.8 4.0 3.29310373405 5.19080497874
插嘴 3.6 5.6 4.51678607013 4.99552371463
铤而走险 3.0 7.0 2.70579745145 5.79006151181
深思 5.2 2.6 6.8950567508 4.88375789549
闷 3.8 4.0 3.2 6.10466355198
爱恋 7.6 6.8 7.00407165944 5.88574919197
生病 3.4 4.0 3.0 5.40976692731
负债 3.2 6.0 3.09547510936 5.39095021871
罪大恶极 1.4 8.8 2.09643770396 7.50356229604
决心 6.4 6.6 6.00659365346 6.60659365346
绷紧 4.2 7.2 4.24680297781 6.24680297781
天资 5.8 4.4 7.0 5.07287056146
咬牙切齿 2.2 8.2 2.30685798375 6.88922316839
仇人 2.2 7.2 2.41358078052 7.80679039026
强奸 1.4 8.4 1.90689953204 7.59540031197
惧怕 2.6 7.2 2.29210966582 7.50789033418
挚爱 7.8 6.2 5.85685507961 4.81624430846
艰困 3.2 6.6 3.0 7.01494101316
享受 6.6 4.8 6.10085796148 4.6171592295
信义 7.0 5.4 7.15209012895 5.21615772565
痴狂 4.0 7.6 3.20680583682 6.39092555091
爱心 7.0 4.6 6.89755895873 5.52196937146
作弊 2.0 6.4 2.89884525561 6.1020785399
吓 3.6 6.8 3.19558815025 7.01764739899
放心 6.2 3.2 4.90259168908 4.5004573569
敏感 4.6 5.0 3.4 5.11150219088
伪造 2.6 6.0 2.09980917502 7.10031804163
心酸 2.8 6.8 4.65108002185 6.90698856831
悲剧 2.2 6.4 2.39071097537 5.85573414777
引人注目 5.8 6.4 5.20895907307 6.19701364231
帮助 6.6 5.6 6.5134845287 4.7730309426
欢迎 7.2 6.4 7.39217927023 6.08631372291
艰难 3.2 7.2 3.0 6.94568308748
欣欣 6.4 6.4 6.60479943291 5.68320198482
护 6.0 4.4 6.80785783432 5.30392891716
得意 5.8 5.4 5.35644232586 6.8
忠孝 7.4 5.8 7.19292214833 5.28761375957
缠讼 3.6 5.6 2.59209880321 7.10493824799
忧虑 2.8 6.2 3.69684239746 5.09052719239
痛哭流涕 1.8 8.0 4.02382094354 5.56823874195
降级 3.6 5.8 3.21092124686 5.90546062343
喜爱 7.2 6.2 7.0 6.19214046125
反对 3.4 6.2 4.72410059215 6.31423113897
赞叹 7.6 7.2 6.48828967813 7.37103235721
奉献 6.8 6.0 7.00674114699 5.57303541206
鲜明 6.4 5.4 6.30310085506 5.31550427529
欢心 7.2 6.6 4.09213540935 5.20629167252
攻击 3.6 7.4 2.90263863445 6.29208409664
昏头 3.4 4.8 2.38072855998 7.12168037003
抑制 4.8 5.4 4.47254634504 3.96405852824
荣幸 6.8 5.4 6.59981331775 5.79943995324
淘气 5.6 5.6 6.00956010882 5.40573606529
热泪盈眶 5.0 7.6 2.09623381703 7.8
德行 6.6 3.2 6.20196381189 4.6
胡扯 3.0 7.6 3.20935719983 6.18128560033
慈悲 5.6 5.0 5.26998272735 5.09879930909
眼花撩乱 4.4 5.6 5.46726163577 6.5702378507
铭印 5.8 6.2 3.30185959312 5.77024651006
烦扰 3.4 6.0 2.99887995854 6.40448016584
花招 4.0 4.8 4.28565473307 5.93575895019
乐 6.6 5.6 6.80097206245 5.80097206245
仇 2.4 6.0 2.11251425668 7.77497148664
舒服 6.6 3.6 6.90125137593 5.89874862407
悔悟 3.2 7.0 3.50540619271 5.29754263968
严格 3.8 6.8 4.8267044958 5.90661164247
擅长 6.2 5.0 6.71809730078 6.08190269922
说谎 2.6 5.4 4.50054190873 5.38579170125
思乡 3.8 5.8 3.10144969318 5.59806707576
毁掉 2.8 6.6 2.8967987613 6.42560990957
侵扰 3.0 6.8 3.006305479 6.88581267224
平稳 5.8 3.4 6.58409611659 3.22843252466
窒碍 2.6 6.8 4.56779503853 5.81073498716
争论 3.8 6.6 3.79678920281 5.70882969226
乐善 6.4 4.4 7.20268215785 5.30469377624
奖励 7.0 5.2 7.05966910595 5.49193382119
紧绷 3.8 7.2 3.30337768253 5.319140201
傻 3.6 4.0 3.60160876674 4.49276054965
喜极而泣 8.2 8.4 2.66290434781 6.85299378884
恶毒 2.0 7.4 3.29857987371 5.29005911597
腐败 2.4 5.6 2.18590775253 7.6
优胜 7.6 6.8 7.68259685321 6.44779055963
热情 6.6 6.4 6.20481153662 6.19278269507
不适 3.6 4.6 3.21192082495 4.96556453721
谄媚 3.4 5.6 3.69502272332 5.79004544664
无精打采 3.6 3.4 3.38742585057 4.84400952299
不准 3.6 6.2 3.57744012371 4.84511975258
优 6.8 5.4 4.73814334261 5.08878136982
鄙 2.8 6.2 3.40079962502 5.19600187489
挣扎 3.2 7.4 2.70086945955 6.69971018015
哀伤 2.4 5.4 3.01290710637 5.97418578725
愤 2.6 7.6 4.32028196384 4.66832974528
恶斗 2.6 7.6 3.20340745945 6.90511118918
钦佩 7.2 5.8 6.61677339175 5.32935343556
刺激 4.2 8.0 5.22752652229 6.78619552806
神圣 7.2 5.0 4.85949301973 6.49752112418
贪念 3.6 5.0 2.55397760232 6.78433370932
和善 7.0 3.0 7.20137606663 4.49243163351
变味 3.4 5.2 3.70489067719 5.28532796844
赢取 6.4 6.0 5.6609164196 6.21741238882
输家 3.0 5.0 3.19632598124 5.28346691557
缓和 5.2 3.2 4.67152073619 5.70749454311
犹豫 4.2 4.8 3.29721799768 4.49165399305
性骚扰 2.6 6.6 2.2 7.4960212733
快乐 7.2 6.4 7.53096926992 5.16579983036
帅气 7.0 6.0 6.70102524799 4.90307574396
困 3.8 4.4 3.30043997321 4.10219986607
哄骗 3.4 5.6 2.77100514263 7.63479382884
哽咽 3.0 6.4 5.59826643951 7.3010834753
疑惑 3.8 4.8 3.49894399863 5.19929599909
谴责 3.0 7.2 3.08830554189 7.00779630541
打破 4.0 6.2 5.48109414614 6.13649236576
咆啸 3.6 8.0 2.19781214103 8.10164089423
恶 2.4 6.0 3.40421961058 4.78734116827
懒惰 3.4 4.0 3.39330977842 3.82676088631
迷乱 3.2 6.2 3.00131667756 6.19473328975
打击 4.2 6.8 3.30395118899 6.39473174801
悲愁 2.8 4.6 2.60718501763 6.86766742067
贱民 2.2 7.6 4.63904408694 5.52414338696
安心 5.6 2.4 4.30381410617 7.19879554542
脾气 4.8 4.4 2.99399404795 7.32102083217
压抑 2.6 5.4 4.10147568868 6.60032793082
艰苦 3.0 6.6 2.90966681231 6.94199912617
悔过 2.8 6.2 6.59739616827 4.6
喜庆 7.4 6.6 6.50252224304 6.0873887848
诡计 3.4 5.2 1.8 8.29983960957
玩笑 5.6 6.0 4.85961131549 4.14172792084
昏沉 3.2 3.4 3.10233692062 5.84206457118
自信 7.0 5.6 6.80713245609 5.42852982438
泄气 3.6 3.6 3.9844952338 5.27364189747
瞧不起 3.2 6.2 4.51557572368 5.8120606109
分歧 3.2 5.6 3.83341266481 5.60811517178
清白 6.2 3.4 3.09990875152 5.40036499392
攻势 5.2 6.4 3.50298667525 7.10179200515
牵挂 4.4 5.0 2.79516632237 6.61450103289
好运 6.6 5.2 7.3016703002 6.7016703002
荣耀 7.6 7.0 6.8 5.39701583762
精疲力竭 3.0 5.4 2.56137863821 6.1733805874
温馨 7.4 4.0 6.69706306022 5.47944142151
腐臭 3.0 4.4 3.40468188087 5.69765905957
冲击 3.2 7.2 2.8 6.60831936057
受骗 3.0 6.4 3.40520760672 6.40520760672
悔改 4.0 6.0 4.55796763344 5.31838916037
欢声 7.2 6.2 5.06596398014 4.54585857716
八卦 3.4 4.6 3.6 4.60785895922
批评 3.2 7.6 3.09025520729 7.00649652847
贪心 3.0 5.6 3.59689327036 4.99378654073
偷取 2.4 6.4 2.4 5.9629296844
首要 5.2 5.0 4.04987532046 5.55012467954
混乱 3.0 6.4 3.37655674097 6.24688651806
痛 3.0 6.2 2.90505463739 5.23428971392
不贞 2.8 6.8 1.8956404478 8.3043595522
最好 6.8 6.2 5.12590840935 5.2
0.777098732576
0.88846858781
(0.79483786256100264, 2.339446348715129e-73)
(0.48154444557709625, 1.2845325884359628e-20)

Process finished with exit code 0
