top8：[ 4,[ [ 泪流满面,2.0,7.8,] [ 肝肠寸断,1.6,8.0,] [ 羞愧,2.8,7.2,] [ 自暴自弃,2.0,7.0,] [ 吃惊,3.8,7.8,] [ 焦急,3.0,7.0,] [ 惊骇,3.2,7.8,] [ 心痛,2.6,7.2,] ]
对应词相似性：[ 0.583330334224,0.524840251884,0.509108161159,0.487642254133,0.485280753238,0.4739747835,0.468062348115,0.451043177469,] ]

top8：[ 2,[ [ 生厌,3.4,5.8,] [ 目瞪口呆,5.0,7.4,] [ 不知所措,3.2,6.2,] [ 难过,3.0,5.6,] [ 懊恼,3.2,7.0,] [ 懊悔,3.4,6.4,] [ 死心,2.4,5.8,] [ 鼻酸,3.4,6.4,] ]
对应词相似性：[ 0.524616057118,0.519433492285,0.505332319986,0.488810535602,0.477423881586,0.471601214451,0.449096544462,0.433117346162,] ]

top8：[ 0,[ [ 心灰意冷,2.8,3.6,] [ 内疚,3.0,5.0,] [ 灰心,3.6,4.6,] [ 闷闷不乐,3.6,4.0,] [ 怜惜,4.6,4.8,] [ 若无其事,4.0,4.6,] [ 伤感,3.4,5.2,] [ 不解,4.2,4.2,] ]
对应词相似性：[ 0.470782403558,0.458677341369,0.458069335093,0.457666995108,0.452896816583,0.440028744947,0.43360657724,0.431665142432,] ]

top8：[ 1,[ [ 喜出望外,7.8,7.6,] [ 欣喜,7.0,7.0,] [ 坦白,6.0,5.6,] [ 乐在其中,7.0,5.6,] [ 高兴,7.0,6.6,] [ 感激,6.8,7.2,] [ 欢欣,7.2,7.0,] [ 欢欢喜喜,8.0,6.8,] ]
对应词相似性：[ 0.491870497979,0.457961231715,0.453481002876,0.434880972909,0.421931887708,0.420155123269,0.415787047858,0.413664885522,] ]

top8：[ 3,[ [ 欣慰,6.2,4.6,] [ 生气,5.4,5.8,] [ 知足,6.6,4.2,] [ 逗弄,5.4,5.4,] [ 呵呵,6.0,4.6,] [ 诚心,7.0,4.6,] [ 从容,5.8,3.4,] [ 体谅,6.6,4.8,] ]
对应词相似性：[ 0.417376946197,0.390556811263,0.36002383108,0.357652231385,0.349256046439,0.34723781962,0.346115706886,0.338867815768,] ]


喜极而泣 6.2 6.0 3.19578493644 6.15522063256

