[ 3,[ [ 敏锐,6.4,5.2,] [ 灵敏,6.6,4.2,] [ 敏捷,6.2,5.4,] [ 灵巧,7.2,4.8,] [ 天赋,6.0,4.4,] [ 好,6.8,5.2,] [ 长处,6.8,4.8,] [ 才智,7.0,4.6,] ]
[ 0.61692297013,0.540265225495,0.513184774171,0.507708551259,0.506785865861,0.485743557683,0.471831131392,0.468956910274,] ]

[ 1,[ [ 出色,7.2,5.6,] [ 优良,7.6,6.2,] [ 强健,6.6,6.4,] [ 迷人,6.8,6.2,] [ 充沛,6.6,6.0,] [ 动人,6.8,6.2,] [ 体贴,7.0,5.6,] [ 漂亮,7.2,6.0,] ]
[ 0.549283967166,0.515393997112,0.51274923671,0.474253775908,0.473843610578,0.460752132504,0.443527390652,0.437279508456,] ]

[ 0,[ [ 平庸,4.6,3.0,] [ 低沉,4.6,3.4,] [ 懒散,3.6,3.0,] [ 生疏,3.8,3.4,] [ 迟钝,3.6,3.6,] [ 笨拙,3.2,4.8,] [ 散漫,3.4,4.0,] [ 糟糕,3.2,5.2,] ]
[ 0.524212940462,0.481112132925,0.455135721726,0.453016686072,0.452426857936,0.443177630765,0.441415574983,0.415005955779,] ]

[ 2,[ [ 惊人,4.8,7.6,] [ 差劲,3.4,6.8,] [ 拙劣,2.6,6.2,] [ 炫耀,3.8,6.0,] [ 顽强,5.0,6.2,] [ 挑剔,3.8,5.4,] [ 沉重,3.2,5.8,] [ 固执,3.4,5.4,] ]
[ 0.548999095251,0.510231530603,0.454235561076,0.414387989288,0.408857830627,0.40856424122,0.401984082247,0.399084765233,] ]

[ 4,[ [ 过分,2.8,6.8,] [ 暴躁,2.8,8.0,] [ 恶劣,2.6,6.8,] [ 艰涩,3.2,7.2,] [ 吃惊,3.8,7.8,] [ 粗暴,2.2,8.2,] [ 厌恶,2.6,7.2,] [ 受不了,3.0,7.4,] ]
[ 0.452604802527,0.357304914757,0.353785718544,0.341665522313,0.334030383408,0.326316627679,0.323925650911,0.314986378814,] ]

极好 6.2 6.0 5.84343763975 4.89156811354

