1001, 6.430411249, 5.095245394
1002, 6.888432499, 6.511086387
1003, 6.396048961, 5.2
1004, 6.847829982, 6.034618295
1005, 6.087255342, 4.345070026
1006, 6.625278756, 5.247837022
1007, 6.315681607, 4.907077802
1008, 6.664297999, 6.070189708
1009, 6.434247744, 5.204615492
1010, 7.141515578, 6.233674861
1011, 6.506726631, 4.947932757
1012, 6.459569987, 5.58378763
1013, 6.533426588, 5.101879225
1014, 6.374728826, 5.689053506
1015, 6.038834182, 5.248399954
1016, 6.064562553, 5.382193997
1017, 6.398735611, 4.215884676
1018, 6.376040398, 5.680635124
1019, 6.778900151, 5.108237117
1020, 6.461156921, 5.4086005
1021, 6.202538797, 5.370296192
1022, 6.111010243, 5.07738101
1023, 5.923993138, 4.777065367
1024, 6.222275852, 4.850140701
1025, 6.090763166, 5.310267958
1026, 6.608996182, 5.267597748
1027, 6.285689768, 5.710226564
1028, 6.276154183, 4.434493282
1029, 6.438369707, 6.050019986
1030, 6.465565248, 4.562324316
1031, 6.322747355, 5.256546024
1032, 6.08768193, 5.269045842
1033, 6.487252809, 5.005015608
1034, 6.554972957, 3.392968639
1035, 6.367256503, 4.639255523
1036, 6.366568608, 4.928605333
1037, 6.517967671, 5.197737483
1038, 6.494266623, 5.133973971
1039, 5.868739084, 5.069917463
1040, 6.906370396, 5.59210149
1041, 6.285906665, 4.8
1042, 6.372102637, 5.320967643
1043, 6.314441798, 5.166035776
1044, 6.447348604, 4.827474973
1045, 6.246800351, 4.687697933
1046, 6.235360045, 5.966972002
1047, 6.435451577, 5.08900716
1048, 6.359246381, 4.917628178
1049, 6.353857041, 4.835838135
1050, 6.502513672, 5.2
1051, 6.787832389, 5.445706519
1052, 6.402856653, 4.634393103
1053, 6.323632116, 4.819121981
1054, 6.50096243, 5.257989949
1055, 6.505543835, 4.68255554
1056, 5.996012675, 5.173639523
1057, 6.227886313, 4.969834346
1058, 6.297747078, 4.464509889
1059, 6.073103292, 5.770433675
1060, 6.647331917, 5.627081809
1061, 6.218095991, 3.882229773
1062, 6.325686099, 5.495050937
1063, 6.676108508, 5.608240518
1064, 6.400181554, 5.243188613
1065, 6.565663725, 5.717165455
1066, 6.85206335, 5.580788567
1067, 6.457413634, 4.909734945
1068, 6.703623476, 4.576312953
1069, 6.484090898, 5.179890855
1070, 6.430862028, 5.176157904
1071, 6.424013551, 4.586790212
1072, 6.155104031, 7.183976414
1073, 6.281798401, 4.584972941
1074, 6.632816604, 5.340893458
1075, 6.372409348, 4.713992682
1076, 6.464518375, 4.55436658
1077, 6.353577048, 4.935475719
1078, 6.739643559, 5.89109478
1079, 6.360749112, 4.607103022
1080, 6.489843178, 4.615117665
1081, 6.312386054, 4.916073873
1082, 6.648350609, 5.223518913
1083, 6.148287526, 5.139939031
1084, 5.776035608, 4.734785111
1085, 6.847942017, 5.498288883
1086, 6.249878687, 4.103706288
1087, 6.636469143, 6.308674102
1088, 6.220467562, 3.769790702
1089, 6.176082432, 4.986894245
1090, 5.992284279, 4.594937806
1091, 6.320844543, 4.854693126
1092, 6.25027412, 5.748847822
1093, 6.263817495, 5.103638797
1094, 6.601058121, 5.491614662
1095, 6.570446415, 5.338775493
1096, 6.629847408, 5.4
1097, 6.37244185, 4.347548581
1098, 6.519643789, 5.187869863
1099, 6.402966209, 4.889322634
1100, 6.866474522, 5.608206456
1101, 6.688801729, 5.4
1102, 3.122892606, 5.702938593
1103, 6.2, 5.270028511
1104, 6.623519008, 5.248047777
1105, 6.163713364, 4.903738596
1106, 5.684087689, 4.83824541
1107, 6.151201911, 4.867216502
1108, 6.722568439, 5.259019475
1109, 6.507441706, 5.010040171
1110, 7.00568942, 5.396624255
1111, 6.502539463, 5.332624853
1112, 6.591713446, 5.848235123
1113, 6.376186721, 5.235305025
1114, 6.694192749, 6
1115, 7.15359132, 5.815051262
1116, 6.470272151, 4.432589065
1117, 6.533433865, 5.176633104
1118, 6.782045776, 5.460400026
1119, 6.308390727, 4.451003123
1120, 6.371168813, 0.19943342
1121, 6.387957485, 4.984458731
1122, 6.343136111, 4.316708122
1123, 6.194983749, 5.818965659
1124, 6.961401501, 5
1125, 6.724253221, 5.182275215
1126, 6.482865593, 5
1127, 6.057943528, 3.820757901
1128, 6.938041471, 5.582317832
1129, 6.465716971, 5.184874894
1130, 5.85222414, 4.573659396
1131, 6.191345673, 5.820238704
1132, 7.083423524, 5.902941264
1133, 6.624899722, 5.436318475
1134, 6.109066345, 4.911992315
1135, 6.204913921, 4.610903052
1136, 6.963677852, 5.930566197
1137, 6.406437168, 5.42706386
1138, 6.105802327, 4.704679498
1139, 3.314694713, 4.24175324
1140, 6.3319522, 4.925610305
1141, 6.281100737, 5.260065077
1142, 6.695161561, 6.035815462
1143, 6.155808291, 5.045555846
1144, 6.068970209, 4.736238146
1145, 6.685363382, 5.244834551
1146, 6.724051651, 4.670770037
1147, 6.516311614, 5.172647654
1148, 6.888285094, 5.317139458
1149, 6.329562, 4.59336114
1150, 6.497712009, 6.304445154
1151, 6.169130507, 4.012260946
1152, 6.595019682, 4.972401947
1153, 6.483467168, 4.551195186
1154, 6.350931124, 5.677918
1155, 6.154297849, 5.186626844
1156, 6.235823274, 6.138310787
1157, 5.997541856, 5.36151523
1158, 6.789398635, 5.211030752
1159, 6.281851952, 4.924316798
1160, 6.350173385, 4.998336164
1161, 6.442845443, 4.713364599
1162, 6.538043712, 5.150678717
1163, 6.174647893, 4.774681689
1164, 6.819718264, 5.436254905
1165, 6.306846662, 4.587949555
1166, 6.64012028, 5.252168147
1167, 6.388962651, 4.600995739
1168, 7.016407821, 6.186011388
1169, 6.226334377, 3.657957242
1170, 6.482956282, 5.434348313
1171, 6.463336513, 4.502078079
1172, 6.528564809, 5.633885189
1173, 5.899491245, 5.945898197
1174, 6.070533298, 5.089584258
1175, 6.58169487, 5.207196347
1176, 6.680230185, 5.402083232
1177, 6.702630743, 5.4
1178, 6.428281815, 5.937635244
1179, 6.521353127, 5.309599782
1180, 6.187693038, 5.895747937
1181, 6.493103378, 5.776179381
1182, 6.847184184, 5.827529866
1183, 6.513619355, 5.433379568
1184, 6.372932717, 4.49291157
1185, 6.316839102, 5.837231137
1186, 6.282014393, 4.925066736
1187, 7.107154373, 6.181352004
1188, 6.144949201, 5.264350853
1189, 6.399421747, 5.832776086
1190, 7.37157488, 6.146238127
1191, 6.674257282, 5.569536251
1192, 6.733215011, 5.4
1193, 6.49371162, 5.481701036
1194, 6.571428571, 5.713161876
1195, 6.018000932, 4.459803802
1196, 6.65772204, 5.508456335
1197, 6.674175319, 4.83969689
1198, 5.919128403, 6.452785318
1199, 6.912734811, 5.6
1200, 6.04027687, 4.588929637
1201, 6.804625421, 5.617359734
1202, 5.9695736, 5.793909003
1203, 6.693358572, 4.179440626
1204, 6.623739624, 5
1205, 6.133712473, 5.010052025
1206, 6.680079386, 6.345896984
1207, 5.791551237, 4.026045664
1208, 6.349314798, 4.421831618
1209, 6.49736873, 5.2
1210, 6.495011402, 5.345037155
1211, 6.723000708, 5.441392619
1212, 6.541789707, 5.197670558
1213, 5.798492866, 3.623011745
1214, 6.572860457, 5.526929117
1215, 6.2, 5.770471325
1216, 6.365990546, 4.563442746
1217, 6.143203866, 4.117788151
1218, 6.553733972, 4.28044562
1219, 6.968153636, 5.606443495
1220, 6.535255347, 5.190246224
1221, 5.830890821, 4.86352392
1222, 6.04311378, 5.452292577
1223, 6.390953252, 5.043137941
1224, 6.249798445, 4.6
1225, 6.478613046, 4.920167743
1226, 5.69942196, 5.569937634
1227, 6.394878023, 4.464267426
1228, 6.567637401, 5.582237317
1229, 6.172374536, 5.049079395
1230, 6.69088762, 5.2
1231, 6.569998344, 5.231299455
1232, 6.483308464, 4.89925649
1233, 6.155399471, 5.035421129
1234, 6.669644713, 5.848655267
1235, 6.603124621, 5.2
1236, 3.14502055, 5.24804578
1237, 6.333418975, 5.144066515
1238, 6.252803084, 4.881952738
1239, 6.735866233, 5.599616402
1240, 6.782015758, 5.484991582
1241, 6.825832523, 5.4
1242, 6.562446433, 5.688406729
1243, 6.331718781, 5
1244, 6.403495902, 5.490731646
1245, 6.587848283, 4.640775117
1246, 6.568692764, 5.504110021
1247, 6.743629522, 6.348522552
1248, 6.172839494, 4.982681526
1249, 6.398084134, 4.920717881
1250, 6.376456152, 4.568880812
1251, 6.439888997, 4.449103641
1252, 5.999750529, 4.832350184
1253, 6.421127004, 4.517732017
1254, 3.199847982, 6.16233278
1255, 6.623539817, 5.525349993
1256, 6.68243391, 5.324457348
1257, 3.132761013, 5.267675609
1258, 6.919258597, 6.292644483
1259, 5.27123442, 5.541261126
1260, 6.234285218, 5.368739351
1261, 6.261953229, 5.132112057
1262, 6.721875171, 5.666190616
1263, 6.444026903, 4.646445476
1264, 6.312221752, 3.852806883
1265, 6.519182666, 5.187977391
1266, 6.510895362, 4.570163834
1267, 6.567305818, 5.301251851
1268, 6.679757044, 5.262714559
1269, 6.19214525, 5.256571643
1270, 6.661752622, 5.283711715
1271, 6.88058578, 6.140466518
1272, 6.967481554, 4.778695007
1273, 6.699093429, 4.906784489
1274, 6.237904291, 4.582485152
1275, 6.935899612, 5.522708708
1276, 6.825632441, 5.590531034
1277, 3.031279137, 6.6
1278, 6.317001818, 4.634718468
1279, 6.569953271, 5.45624979
1280, 6.402123008, 5.513937637
1281, 6.638723985, 4.769496274
1282, 6.536567477, 5.424913449
1283, 6.34981756, 7.052849426
1284, 7.000723284, 6.24166244
1285, 6.12303122, 4.704070954
1286, 6.487525342, 4.964269451
1287, 6.595569833, 5.876410233
1288, 6.277453044, 5.4
1289, 2.941054649, 6.438115435
1290, 6.668985627, 5.289433038
1291, 6.686035838, 5.8
1292, 6.264927988, 4.60170068
1293, 6.417316989, 4.278394635
1294, 6.19714337, 5.0641689
1295, 6, 5.006590049
1296, 6.545943494, 5.633303679
1297, 6.118139615, 4.422233783
1298, 6.008307727, 4.614762035
1299, 6.982517234, 6.155146562
1300, 6.741946753, 6.475609204
1301, 6.135197514, 6.428561278
1302, 6.273223988, 4.605238241
1303, 5.94224498, 4.246971772
1304, 6.710602304, 5.4
1305, 6.507264428, 5.495253607
1306, 6.578399254, 5.300605927
1307, 3.331331536, 4.576341619
1308, 6.634925378, 4.692359393
1309, 6.709796027, 4.880180279
1310, 6.912944004, 4.804534998
1311, 6.092033466, 4.98304347
1312, 6.475221288, 5.48950572
1313, 6.604133548, 5.463543972
1314, 6.174937969, 4.471769991
1315, 6.668792371, 5.915354297
1316, 6.289585038, 4.679946542
1317, 7.065226226, 6.68701053
1318, 6.589789551, 5.260063524
1319, 6.610037254, 5.860836114
1320, 6.683359557, 5.296466157
1321, 6.333934072, 4.31697046
1322, 6.509038067, 5.9317689
1323, 6.587155235, 4.919710709
1324, 5.836021363, 5.009450978
1325, 7.077574439, 6.287743832
1326, 6.934776182, 5.491903459
1327, 6.303136501, 5.354692115
1328, 6.713200382, 5.978525842
1329, 3.505513557, 5.425504531
1330, 6.796801129, 5.130393991
1331, 6.325324055, 5.205094576
1332, 6.276875226, 4.315582977
1333, 6.840847563, 5.889726926
1334, 5.787372891, 4.720824479
1335, 6.462445498, 4.563052753
1336, 6.505167797, 4.885844284
1337, 7.009659998, 6
1338, 6.388427501, 4.511235282
1339, 6.521826276, 6.108633082
1340, 6.348045934, 4.641057621
1341, 6.578885136, 5.364186683
1342, 6.88727828, 6.045506881
1343, 3.329607807, 6.500650665
1344, 6.680262587, 5.214880771
1345, 6.917608631, 5
1346, 5.847178716, 4.924889196
1347, 6.571428571, 5.713161876
1348, 6.92047004, 5.542878997
1349, 6.746646036, 5.191244889
1350, 6.061021679, 5.499430572
1351, 6.616162308, 4.64071374
1352, 6.200134005, 5.347584401
1353, 6.640522009, 5.348864711
1354, 6.963889115, 6.154746927
1355, 6.771519648, 4.673382172
1356, 6.573499329, 4.72118583
1357, 6.486718833, 5.914059999
1358, 5.624119812, 5.335554633
1359, 7.073985854, 6.309822583
1360, 6.326960887, 6.425582205
1361, 6.385277398, 5.11563762
1362, 6.4811486, 5.189607835
1363, 6.460774038, 5.861843306
1364, 6.554829402, 5.20546622
1365, 6.479378773, 5.2
1366, 6.263625447, 5.825374421
1367, 6.679025847, 5.18654082
1368, 6.675188948, 5.1809233
1369, 6.703071694, 5.29332695
1370, 7.015843721, 6.04076658
1371, 6.103804622, 4.741945467
1372, 6.710615096, 6.225282472
1373, 6.411716751, 4.633157766
1374, 6.973415132, 6.135083355
1375, 6.82358649, 5.601579709
1376, 6.243653974, 4.641477433
1377, 6.823871313, 5.6
1378, 6.918213854, 5.52404201
1379, 6.629319597, 5.110168671
1380, 6.457426342, 5
1381, 6.571275174, 6.377799732
1382, 6.659270637, 5.359903013
1383, 6.714384952, 6.202270563
1384, 6.571428571, 5.713161876
1385, 6.581232598, 5
1386, 5.679672666, 3.644485069
1387, 7.001398733, 5.550664376
1388, 6.77955062, 5.433666423
1389, 6.394810814, 5.587336258
1390, 6.812216501, 5.254636141
1391, 6.642047594, 4.6
1392, 6.934226595, 6.74843539
1393, 6.456525922, 6.265703988
1394, 6.995374902, 5.8
1395, 6.16767204, 4.887154615
1396, 6.159537688, 4.260907442
1397, 6.890462629, 4.883325444
1398, 6.662207056, 5.244023305
1399, 5.682016456, 6.077314542
1400, 6.163907729, 4.551467533
1401, 6.549430537, 5.455556169
1402, 6.664751173, 5.197272964
1403, 6.452462647, 5.078067411
1404, 6.543147704, 5.511610448
1405, 6.553501475, 5.25898659
1406, 6.587577299, 5.493657306
1407, 2.839552518, 6.6
1408, 6.53159984, 4.711746745
1409, 6.632242914, 4.880500253
1410, 6.516511677, 5.736634999
1411, 5.254310566, 5.088687441
1412, 6.515428464, 4.872074995
1413, 6.567523864, 5.234704286
1414, 6.30274586, 4.657640312
1415, 6.347570346, 4.852533963
1416, 6.209401241, 6.177014365
1417, 6.576282422, 5.96867301
1418, 6.775990849, 4.643759922
1419, 6.540262007, 5.465725139
1420, 6.635000327, 5.1881684
1421, 6.705460408, 5.172275378
1422, 3.79292614, 4.893291286
1423, 5.8, 5.541571313
1424, 6.183186258, 5.2902949
1425, 6.446836224, 5.726003032
1426, 2.935684722, 5.96547461
1427, 6.456839777, 5.265751779
1428, 6.670827758, 5.750108874
1429, 6.479857925, 5.231155401
1430, 6.64426184, 5.049421581
1431, 6.681656853, 5.628040731
1432, 6.750156055, 5.421485086
1433, 6.604622289, 5.896361334
1434, 6.040850779, 4.463639243
1435, 6.2, 6.486891305
1436, 6.586726872, 5.90350992
1437, 6.752528651, 5.4
1438, 6.808561827, 5.617526145
1439, 6.839137754, 5.578441756
1440, 6.131805378, 5.621161816
1441, 6.52908365, 6.169713612
1442, 6.297654995, 5.088243932
1443, 6.869610153, 6.05646293
1444, 6.76637061, 5.837730691
1445, 6.4098673, 5.075219211
1446, 6.80417298, 6.014576409
1447, 6.280118867, 4.891834525
1448, 6.650020093, 5.294476698
1449, 6.718177775, 5.279400671
1450, 6.445105579, 5.2
1451, 6.926452479, 6.442433375
1452, 3.404605919, 5.700452545
1453, 6.498239913, 4.743536744
1454, 6.414494826, 5.630144474
1455, 6.748965464, 5.103646503
1456, 6.560089163, 5.945632148
1457, 6.694361744, 5.385002149
1458, 7.108464819, 6.152671903
1459, 6.685117382, 5.191720356
1460, 6.478888107, 5.77578387
1461, 6.695606539, 5.4
1462, 7.037117225, 6.291337434
1463, 6.585619029, 5.245608527
1464, 6.954249935, 6.083647909
1465, 6.580028367, 4.888786566
1466, 6.675489898, 5.193648075
1467, 5.8, 5.675182595
1468, 6.572652042, 5.96143803
1469, 6.460202398, 6.181841413
1470, 6.478433239, 5.404869145
1471, 6.357190729, 6.019094999
1472, 6.957550832, 5.254890706
1473, 6.935307394, 5.938305355
1474, 6.489292621, 5.165301325
1475, 6.058356401, 4.708948303
1476, 6.554367356, 5.199569472
1477, 7.099610829, 5.5669419
1478, 6.764162719, 5.353271178
1479, 6.625918548, 5.249905868
1480, 5, 5.008348798
1481, 6.589842603, 5.194122542
1482, 7.092217516, 6.300357663
1483, 6.518348258, 5.312552682
1484, 6.559606751, 4.704574412
1485, 6.642567725, 5.87389837
1486, 6.879597228, 5.895592935
1487, 7.147228245, 6
1488, 6.289871063, 4.839292187
1489, 6.777169859, 5.082184049
1490, 6.483040562, 6.174043778
1491, 6.427881324, 4.977368281
1492, 3.850540861, 5.567779794
1493, 6.763169282, 5.4
1494, 6.449564532, 5.764389234
1495, 5.327415626, 6.575579481
1496, 6.638606681, 5.730660599
1497, 3.434028426, 5.404367921
1498, 6.503938436, 4.547080022
1499, 6.560523795, 5.017168867
1500, 6.319090826, 5.012887916
1501, 6.650094054, 5.92058409
1502, 7.027453017, 5.067078441
1503, 6.477944233, 4.952437496
1504, 5.88819882, 4.925366821
1505, 6.567041532, 5.594195389
1506, 7.10030126, 6
1507, 6.571428571, 5.713161876
1508, 6.219544322, 4.541923666
1509, 6.590550431, 5.238084298
1510, 6.399803787, 5.162305464
1511, 6.527149004, 4.677536139
1512, 6.569067949, 4.719459095
1513, 6.821390956, 6.4
1514, 5.729194762, 5.599428506
1515, 6.875909113, 5.989744403
1516, 6.244652503, 5.468680839
1517, 6.624741517, 5.457814768
1518, 7.128391052, 5.914112322
1519, 6.438356982, 5.55571909
1520, 6.945326398, 5.099913084
1521, 3.087047422, 5.91613555
1522, 6.511959146, 5.4
1523, 5.89421326, 5.965633399
1524, 6.532152491, 5.557794631
1525, 6.436951291, 5.901667251
1526, 6.483977448, 4.723612447
1527, 6.540570723, 5.011975799
1528, 6.923681123, 5.8
1529, 6.68549115, 5.184449836
1530, 6.166497322, 4.557203694
1531, 6.604028884, 5.319136061
1532, 6.643570887, 5.208395237
1533, 6.798358654, 4.902620934
1534, 6.646301372, 5.670100332
1535, 6.434889055, 4.8
1536, 6.52954405, 5.186724247
1537, 6.930210215, 5.28188285
1538, 6.260750554, 4.889674998
1539, 6.859361326, 5.196830675
1540, 5, 4.947566679
1541, 6.355924672, 4.497299349
1542, 6.796884907, 4.771074816
1543, 6.685767305, 4.855772738
1544, 6.571428571, 5.713161876
1545, 6.694950492, 6.26098792
1546, 7.01536052, 5.776869312
1547, 6.571428571, 5.713161876
1548, 6.465286468, 5.352849495
1549, 6.25634892, 4.484587717
1550, 6.626617129, 4.880042057
1551, 6.447309535, 5.178659326
1552, 6.836360441, 5.4
1553, 6.679731742, 5.486377606
1554, 6.557008914, 4.562423295
1555, 3.360778909, 5.975232026
1556, 6.567644841, 4.8
1557, 3.502638255, 4.881308154
1558, 6.646844364, 5.727078563
1559, 6.058010982, 4.318202292
1560, 6.530803888, 5.8500448
1561, 6.630466733, 5.293938562
1562, 6.387468668, 4.298388869
1563, 6.317096927, 4.4
1564, 6.61767073, 5.2
1565, 6.126815371, 4.850905495
1566, 6.658138177, 5.615440442
1567, 7.4, 5.731714935
1568, 6.475295383, 5.2
1569, 6.881569844, 6
1570, 3.669412488, 4.989365229
1571, 3.523965628, 4.962187081
1572, 3.509729768, 6.528512622
1573, 3.554825581, 4.956954284
1574, 3.45819848, 5.254819868
1575, 3.590435087, 4.958201704
1576, 3.36605923, 5.920465246
1577, 3.739350653, 4.75024789
1578, 3.582168054, 5.920050433
1579, 3.428998258, 1.082202681
1580, 3.496218524, 5.949695025
1581, 3.31838515, 5
1582, 3.49810521, 5.100083093
1583, 3.199523867, 6.484340975
1584, 3.362254895, 6.117729325
1585, 3.290531793, 6.314934583
1586, 3.432757279, 5.592092694
1587, 3.565135285, 4.762502135
1588, 3.641045498, 4.724454858
1589, 3.302522023, 6.2
1590, 3.729075856, 4.745092886
1591, 3.292050055, 5.844742995
1592, 2.380154974, 6.810789382
1593, 2.883215456, 6.472922771
1594, 2.798828173, 6.8
1595, 3.593109094, 5.679060682
1596, 2.998422638, 5.8
1597, 3.237636481, 5.49687159
1598, 2.427537832, 7.188278835
1599, 3.225794964, 5.5664843
1600, 3.276905183, 5.237731368
1601, 3.189048014, 5.457642649
1602, 3.063831783, 5.914800613
1603, 3.386943707, 5.2
1604, 2.68231458, 6.243998247
1605, 3.194925501, 5.760048524
1606, 2.951272614, 6.070435657
1607, 3.181586899, 6.756040126
1608, 3.444337394, 5.4
1609, 3.200410706, 5.878812048
1610, 3.107499995, 6.362572728
1611, 2.658997297, 6.8
1612, 3.294963997, 6.703181189
1613, 3.120081957, 5.4
1614, 3.526762734, 5.221313159
1615, 3.292462325, 5.181145596
1616, 3.755288648, 7.197115099
1617, 2.542481341, 6.626022683
1618, 2.955655612, 5.221110824
1619, 3.231447724, 5.535138531
1620, 2.715097652, 6.568004102
1621, 2.937584021, 6.6
1622, 3.211636938, 6.86395359
1623, 3.063277152, 5.8
1624, 3.481733877, 4.6
1625, 2.361965344, 6.837197018
1626, 2.975103659, 5.6
1627, 2.797934649, 6.6
1628, 2.761318552, 6.889706841
1629, 2.579323906, 6.524488459
1630, 3.111765419, 5.2
1631, 3.105552521, 6
1632, 3.122454508, 5.879522919
1633, 2.626218257, 6.8
1634, 2.870381531, 6.8
1635, 2.93355373, 5.6
1636, 2.90062591, 6.2
1637, 3.015291937, 5.6
1638, 2.377702955, 6.820696762
1639, 3.261284957, 6.732376841
1640, 3.316115323, 6.647576589
1641, 3.124572842, 5.4
1642, 2.754356112, 6.399496218
1643, 3.039829739, 6
1644, 2.968878934, 6.6
1645, 3.388713412, 4.53645566
1646, 3.292407372, 6.288370161
1647, 2.997734114, 5.8
1648, 2.313565481, 7.147090481
1649, 3.03557854, 6.2
1650, 3.410081675, 4.6
1651, 2.907865635, 6.2
1652, 3.116249186, 5.6
1653, 2.725946992, 6.6
1654, 2.986884892, 5.909489867
1655, 3.41044122, 6.753925546
1656, 2.613119522, 6.620218422
1657, 3.264075475, 6
1658, 3.279384019, 5.424746007
1659, 3.387749611, 6.685135684
1660, 2.498819393, 6.927668752
1661, 2.36607494, 6.914698402
1662, 3.089649958, 5.207611634
1663, 3.383471698, 6.079185652
1664, 3.279010726, 6.700454437
1665, 3.609949854, 4.633652834
1666, 3.422835917, 5
1667, 2.970616721, 6.878111224
1668, 3.499024554, 4.917501718
1669, 3.330846636, 5.722473191
1670, 3.263672771, 4.939050767
1671, 3.219674919, 6.444029721
1672, 2.812467619, 6.904692421
1673, 3.066439561, 5.348494577
1674, 3.633796131, 5.2
1675, 3.167826604, 6.545660832
1676, 3.304464372, 5.6
1677, 2.905370782, 6.353211761
1678, 3.270093129, 6.549785292
1679, 3.040486601, 6
1680, 3.47144975, 5.408477038
1681, 3.166128737, 6.880732979
1682, 3.237130658, 5.4
1683, 2.943957976, 6.042760163
1684, 3.039820234, 5.941518761
1685, 3.009924174, 5.756062921
1686, 2.668981853, 6.185526262
1687, 3.134412587, 5.6
1688, 2.732260986, 6.6
1689, 3.375234825, 6
1690, 3.230179913, 6.8
1691, 2.946472275, 6.349451884
1692, 2.983299724, 6.84419282
1693, 3.046442965, 6.2
1694, 3.30047856, 4.795307273
1695, 3.504236113, 6.486959701
1696, 3.339537388, 5.875893607
1697, 3.128779153, 6
1698, 2.536246009, 7.097580167
1699, 2.668080622, 6.8
1700, 2.55626392, -8.92056357
1701, 3.185620168, 5.701028255
1702, 3.095637336, 6.354880607
1703, 2.718567058, 6.90834298
1704, 3.251790374, 6.67520275
1705, 2.870890291, 6
1706, 2.529681499, 6.69288362
1707, 3.273000631, 5.2193971
1708, 2.464135852, 7.4
1709, 3.370331941, 5.230727655
1710, 2.890711091, 6.6
1711, 3.341650956, 5.4
1712, 3.580143231, 4.97677485
1713, 3.487813388, 5.181718013
1714, 3.265721113, 6.295846113
1715, 3.632196874, 5.217862188
1716, 3.164052865, 6.170694809
1717, 2.957049724, 5.6
1718, 2.673655683, 7.27079966
1719, 3.3246824, 6
1720, 3.658459936, 5.306077651
1721, 3.179064038, 6.058259433
1722, 2.742638636, 5.109835414
1723, 3.536653258, 5.21940047
1724, 3.394276335, 5.6
1725, 3.337933696, 6.394145854
1726, 3.272573952, 5.386395394
1727, 2.826612892, 6.2
1728, 3.242041774, 6.278938691
1729, 2.972165235, 6.6
1730, 3.649585053, 5
1731, 3.268735448, 6.447431221
1732, 3.398148962, 5.504967324
1733, 3.3984749, 3.908621345
1734, 2.98952216, 6.8
1735, 3.201905965, 6.712182559
1736, 3.1932001, 6.774746396
1737, 3.210898299, 6.388909585
1738, 3.73987854, 1.748513094
1739, 2.854956832, 6.903171809
1740, 3.427664373, 5.100102249
1741, 3.233869988, 5.033240391
1742, 2.857975334, 6.6
1743, 3.414757518, 5.6
1744, 3.352592982, 5.242094003
1745, 3.248780586, 6.083336951
1746, 3.126040277, 6.899185521
1747, 3.031829606, 5.225168002
1748, 2.574318299, 6.581118037
1749, 2.994718556, 6.408300585
1750, 3.269428907, 5.6
1751, 3.071009177, 6.2
1752, 3.1030841, 5.2
1753, 3.141162802, 6
1754, 3.20177903, 6.4
1755, 3.148719734, 6
1756, 2.979729067, 5.738200013
1757, 3.519926948, 6.070508692
1758, 3.183787096, 6.748423602
1759, 3.191156733, 5.322107841
1760, 3.239765457, 5.212328986
1761, 3.139487965, 5.851777291
1762, 3.384568919, 5.2
1763, 2.555305231, 6.6
1764, 2.746091129, 6.2
1765, 2.683584231, 6.431627109
1766, 2.959388886, 6
1767, 2.932380864, 6.2
1768, 3.045589448, 6.2
1769, 3.042274333, 6.378084377
1770, 3.092307692, 5.713161876
1771, 3.150690214, 6.326746047
1772, 2.841122474, 6.956866357
1773, 3.299264562, 5.410435206
1774, 3.174809092, 5.871509827
1775, 2.853950329, 7
1776, 2.469152326, 7.086554191
1777, 3.530604222, 6.042583497
1778, 2.567182574, 6.405862934
1779, 2.906018871, 7.269973281
1780, 3.298520922, 6.632098538
1781, 3.191037858, 6
1782, 3.3618738, 5.61368475
1783, 3.13154897, 6.8
1784, 2.984858836, 5.6
1785, 2.968057932, 6.383091806
1786, 2.57929008, 6.8
1787, 3.433353743, 5.540742809
1788, 3.280083829, 6
1789, 3.033671732, 6.6
1790, 2.710426878, 6.724879895
1791, 2.91724029, 6.6
1792, 2.974214756, 6
1793, 3.566014444, 2.193515913
1794, 3.216218353, 6.122617673
1795, 2.83279105, 6.132135734
1796, 3.231076463, 5.443354438
1797, 2.902751196, 6.513911522
1798, 2.644393159, 6.652511128
1799, 3.049151915, 6.954494332
1800, 2.581005183, 7.199425351
1801, 3.018487833, 6.919834638
1802, 3.360495412, 5.6
1803, 3.015822015, 6.039267586
1804, 3.220346775, 6.6
1805, 3.704900401, 4.503383467
1806, 3.344151818, 6.0996705
1807, 2.355600848, 7.223695237
1808, 3.511353105, 4.741500321
1809, 3.251180531, 5.574961479
1810, 2.91230287, 5.935273669
1811, 3.310690496, 5
1812, 2.932572353, 6
1813, 2.879811448, 6.2
1814, 3.207883035, 6.4
1815, 3.276360314, 5.035756152
1816, 3.445200275, 5.417157364
1817, 3.197022871, 5.6
1818, 2.927452996, 6.6
1819, 3.484772419, 6.105715259
1820, 3.0138985, 5.6
1821, 3.248544087, 6.165014149
1822, 2.895913957, 6.2
1823, 2.811359682, 6.295787757
1824, 2.576550092, 7.121191349
1825, 3.118252111, 5.453654434
1826, 3.011796723, 5.272663179
1827, 2.54541655, 6.899932375
1828, 3.633694172, 4.371964685
1829, 3.607427873, 4.972457565
1830, 3.179736948, 5.927586964
1831, 2.959087835, 5.947881402
1832, 3.204615611, 6.089012241
1833, 3.146745638, 6.6
1834, 3.195904739, 6
1835, 2.912606156, 6.298855451
1836, 3.09081207, 6.2
1837, 3.16924922, 5.579658023
1838, 2.818124129, 7.271618637
1839, 3.085675261, 5.8
1840, 3.273264592, 6.470346256
1841, 2.593034116, 7.203002401
1842, 3.126163655, 6
1843, 3.428439911, 6.015965941
1844, 2.678843772, 5.4
1845, 3.116574881, 6.295100235
1846, 2.523102106, 6.8
1847, 3.066884392, 5.4368731
1848, 3.015618772, 5.8
1849, 2.590906571, 6.876119127
1850, 2.736175286, 6.48297807
1851, 3.424670419, 5.2
1852, 3.250520426, 5.4
1853, 2.609115894, 6.630301074
1854, 3.537036326, 5.06436629
1855, 3.205767181, 6
1856, 3.815812292, 5.027007793
1857, 2.783868174, 6.490289265
1858, 2.673473251, 7.26368685
1859, 3.005430179, 5.536992382
1860, 3.164350007, 6
1861, 2.52357928, 7.538339711
1862, 3.598945441, 5.029468497
1863, 2.779343002, 6.23855323
1864, 2.911474253, 6.4
1865, 3.376520268, 6.556633446
1866, 3.17475433, 5.322769706
1867, 3.21619092, 6.357207565
1868, 3.357729446, 5
1869, 3.037797743, 6.081452568
1870, 2.793265135, 6.6
1871, 3.527967671, 5.33805375
1872, 3.194291176, 5.6
1873, 2.822207311, 6.066023053
1874, 3.317012036, 5.210410758
1875, 3.390825577, 5
1876, 3.634268898, 4.450698121
1877, 3.078111341, 5.6
1878, 3.096238856, 6.4
1879, 3.163952931, 5.906108204
1880, 3.119978525, 6.340788645
1881, 3.346540728, 4.744025202
1882, 3.450203662, 5.89218562
1883, 3.403901371, 5.2
1884, 2.741532807, 6.6
1885, 2.886024105, 6.051572951
1886, 3.603236825, 4.755267884
1887, 3.62843392, 4.945469088
1888, 3.50423407, 5.207002095
1889, 3.00743084, 6.46092247
1890, 3.138719646, 6.2
1891, 3.336574824, 4.905872883
1892, 3.479410979, 6.316130144
1893, 3.821954162, 5.187099364
1894, 2.828525295, 6.8
1895, 2.311367671, 7.128068956
1896, 2.892624947, 6.2
1897, 2.85893981, 6.951336527
1898, 3.579820591, 5.512984941
1899, 3.017367004, 5.8
1900, 2.83996916, 6.246698755
1901, 2.701704027, 6.292673078
1902, 2.78066123, 6.913931984
1903, 3.102084933, 6.2
1904, 2.57856643, 7.130216191
1905, 3.397440757, 4.727217832
1906, 3.262293181, 6.8
1907, 3.278702637, 5.4
1908, 3.19751909, 5.714077957
1909, 3.031318149, 6.378883593
1910, 3.484289918, 5.364186806
1911, 3.375824615, 5.187576791
1912, 2.919656147, 6.439508017
1913, 3.874112895, 5.033335051
1914, 3.353359487, 6.129024949
1915, 3.695423884, 5.266439698
1916, 2.666636683, 5.6
1917, 3.243162923, 5.550397839
1918, 2.978716408, 6.8
1919, 2.661667836, 4.943108809
1920, 3.414897437, 5.411602476
1921, 2.950293591, 6.8
1922, 2.892261027, 6.266191215
1923, 3.27453378, 6.300374128
1924, 2.490627642, 6.8
1925, 2.562515952, 6.841264653
1926, 2.753049622, 6.91794875
1927, 2.827386531, 6.23847322
1928, 3.445422155, 4.868582033
1929, 3.180236738, 6
1930, 4.31, 5.713161876
1931, 3.233286989, 5.6
1932, 2.544024641, 7.194106856
1933, 2.949883626, 6.8
1934, 3.334238709, 5.2
1935, 2.491187444, 7.293291658
1936, 3.443616212, 4.827900753
1937, 3.020041201, 5.4
1938, 2.599780113, 6.875691058
1939, 3.263638535, 6.338146721
1940, 3.303858546, 5.6
1941, 3.184178428, 5.4
1942, 3.222091886, 6.135822985
1943, 3.134238251, 5.759552983
1944, 3.189383557, 6.2
1945, 3.06218782, 5.232148745
1946, 3.156307902, 5.950367435
1947, 3.100440635, 5.4
1948, 3.321297518, 4.536972322
1949, 3.046844207, 6.664019745
1950, 3.264293558, 6.103481624
1951, 3.330535125, 6
1952, 2.826489329, 5.4
1953, 3.024465915, 6.2
1954, 3.370547866, 6.393195651
1955, 2.429025864, 7.189782044
1956, 2.601081837, 6.8
1957, 2.963162812, 6.6
1958, 3.057825651, 5.121674015
1959, 2.558780022, 6.875310835
1960, 2.727343465, 6.8
1961, 3.188345935, 6.680644642
1962, 2.958639034, 6.6
1963, 2.579061027, 6.955552946
1964, 3.308731668, 6
1965, 3.799007246, 5.250539781
1966, 2.920455376, 6.659696976
1967, 3.31593861, 4.454490572
1968, 2.901709707, 6
1969, 3.031202609, 6.468976268
1970, 2.471819086, 7.028959
1971, 3.382093457, 5.2
1972, 3.007807502, 5.295009074
1973, 2.846140703, 6.989025672
1974, 2.702313478, 6.422491982
1975, 2.575604401, 6.85606449
1976, 3.092307692, 5.713161876
1977, 3.387042821, 5.762114268
1978, 3.151894028, 6.2
1979, 2.806617781, 7.098609343
1980, 2.718843412, 7.126333233
1981, 3.146020177, 6.585402872
1982, 2.886361135, 6.6
1983, 3.536164978, 5.766161576
1984, 3.317377372, 4.889180216
1985, 2.870162491, 6.6
1986, 2.733510487, 6.910446393
1987, 3.221590154, 5.873326577
1988, 3.376103007, 6.711665006
1989, 2.943015572, 5.959691049
1990, 3.269738099, 6.2
1991, 3.404262191, 5.767646345
1992, 3.459710843, 5.2
1993, 2.933928598, 6.8
1994, 2.787389584, 6.225588941
1995, 3.481848921, 5.8
1996, 3.249989171, 6.742665558
1997, 3.496689286, 5
1998, 3.39022341, 5.2
1999, 2.772799964, 6.05679879
2000, 3.621789913, 5.529137251
2001, 3.370943924, 4.669308924
2002, 2.909979802, 6.485243028
2003, 3.11069126, 5.6
2004, 2.980080884, 6.628439067
2005, 3.136265582, 6.901743065
2006, 2.611392566, 7.2
2007, 2.4877954, 7.284221224
2008, 2.7290536, 6.299452415
2009, 3.398898101, 5.131155436
2010, 3.253595672, 4.95584263
2011, 3.541747382, 5.270518282
2012, 2.938197148, 6.039991291
2013, 3.131575419, 6.495793623
2014, 3.659055275, 4.642488974
2015, 2.943097937, 5.25058153
2016, 2.562865238, 7.206583353
2017, 2.836983317, 6.6
2018, 2.915928049, 6.405681892
2019, 3.579362732, 5.031528368
2020, 2.769193527, 6.2
2021, 3.940952163, 5.295190323
2022, 4.31, 5.713161876
2023, 3.128670518, 5.255181226
2024, 3.155413378, 5.6
2025, 3.416728444, 6.674499479
2026, 2.92718915, 6.4
2027, 3.064662373, 6.319579379
2028, 3.439167478, 5.576432747
2029, 2.856790946, 6.8
2030, 3.222396432, 5.4
2031, 2.671427323, 6.568925585
2032, 2.786210793, 6.504426555
2033, 3.472612372, 5.124146833
2034, 3.16850063, 5.551756881
2035, 3.177035473, 5.100582276
2036, 3.213022072, 5.4
2037, 3.182909293, 6
2038, 3.195455474, 5.6
2039, 3.979526568, 6.65465608
2040, 3.26366639, 6.391888269
2041, 2.697695232, 6.518394804
2042, 3.092307692, 5.713161876
2043, 2.582346979, 7.120131133
2044, 2.735920007, 7.088232311
2045, 3.216052996, 6
2046, 3.105313509, 6.2
2047, 2.975515955, 6.8
2048, 3.229362609, 5.4
2049, 3.480145073, 5.428164734
2050, 3.625700462, 5.182542393
2051, 2.684181921, 6.8
2052, 2.956958592, 5.6
2053, 3.082874733, 6.277832879
2054, 3.313499385, 6
2055, 3.231707832, 5.997780286
2056, 2.867930751, 5.6
2057, 3.377835151, 5.617688628
2058, 3.16035649, 6.2
2059, 3.263659829, 6.50951045
2060, 3.02591473, 5.8
2061, 3.147666844, 5.877871459
2062, 3.339856579, 5.6
2063, 3.414161989, 5.2
2064, 3.393035374, 6.138690218
2065, 3.193146698, 5.406565624
2066, 3.050992367, 5.6
2067, 2.983177656, 5.89932803
2068, 2.921656502, 6.2
2069, 2.75943693, 6.490260847
2070, 3.512593572, 6.291575035
2071, 3.075143095, 6
2072, 3.166352185, 6.115548791
2073, 3.206187999, 6.2
2074, 2.999826528, 5.4
2075, 3.745424381, 5.615561722
2076, 2.515046641, 7.168446062
2077, 3.130551672, 5.512395537
2078, 3.482950614, 5.881373182
2079, 2.870543211, 6.023519497
2080, 3.13924901, 6.083199117
2081, 3.268025518, 6.333478202
2082, 2.765354914, 7.122547938
2083, 3.107726256, 5.037633641
2084, 3.205313252, 6.310689168
2085, 3.616650453, 4.702399892
2086, 2.93010006, 5.8
2087, 3.063721259, 6.632079442
2088, 2.93821778, 6.6
2089, 4.31, 5.713161876
2090, 3.018785565, 6.382531968
2091, 2.957488232, 6.6
2092, 2.866026018, 6.284425785
2093, 2.638625596, 7.135492652
2094, 3.252173471, 5.766752825
2095, 3.154678968, 5.94757906
2096, 2.47758735, 6.6
2097, 2.929319408, 6.302313164
2098, 2.755691409, 6.906083396
2099, 3.055420583, 5.4
2100, 3.487113918, 6.440775823
2101, 3.319907087, 5.374457987
2102, 3.464217993, 5.848590879
2103, 3.092307692, 5.713161876
2104, 4.31, 5.713161876
2105, 2.889367747, 6.380712224
2106, 3.004527648, 6
2107, 2.782738716, 6.491706509
2108, 3.092307692, 5.713161876
2109, 2.846164291, 6.8
2110, 3.10288677, 5.4
2111, 2.751933416, 6.8
2112, 2.97049532, 6.2
2113, 2.925829537, 6.2
2114, 3.357728357, 6.451607876
2115, 3.360723167, 5.67500188
2116, 2.746161313, 6.253103817
2117, 3.157867434, 5.4
2118, 3.434317244, 5.6
2119, 2.880006365, 5.173868328
2120, 2.933361755, 6.432472799
2121, 3.432268809, 6.792697853
2122, 3.112247531, 6.118873903
2123, 2.979625773, 5.13095217
2124, 2.642893025, 6.867763655
2125, 4.492818295, 5.271500823
2126, 2.838030687, 6.17060807
2127, 3.278369666, 5.2
2128, 3.262498102, 5.6
2129, 3.242843724, 5.6
2130, 2.655096683, 6.521313978
2131, 2.668680042, 7.143922958
2132, 3.36699658, 5.850946052
2133, 2.655807675, 6.827762018
2134, 2.835077881, 5.906043056
2135, 3.112406767, 5.4
2136, 2.516155287, 7.205905247
2137, 2.668330489, 6.8
2138, 2.496429224, 6.631764976
2139, 3.094162291, 6
2140, 3.538406717, 6.066452337
2141, 2.524821015, 7.158139431
2142, 2.473129674, 6.8
2143, 2.55490283, 7.095720804
2144, 2.895408764, 4.516805367
2145, 3.23659621, 5.400856618
2146, 2.661323817, 7.092629151
2147, 3.294774718, 4.8
2148, 2.682827443, 6.775063578
2149, 3.211917431, 6.809585556
